['Current epoch', 'Train loss', 'Validation loss']
[1, 0.69325190782547, 0.6932471394538879]
[2, 0.6807492971420288, 0.622046172618866]
[3, 0.6268550753593445, 0.6035445332527161]
[4, 0.6075201034545898, 0.6016972661018372]
[5, 0.6033922433853149, 0.6006089448928833]
[6, 0.6056377291679382, 0.5997467041015625]
[7, 0.6015379428863525, 0.5987967848777771]
[8, 0.6019577980041504, 0.5980138778686523]
[9, 0.6045054197311401, 0.597334086894989]
[10, 0.6010387539863586, 0.5967175364494324]
[11, 0.6002724170684814, 0.5960102081298828]
[12, 0.6005104184150696, 0.5960600972175598]
[13, 0.5991003513336182, 0.5952263474464417]
[14, 0.5998647809028625, 0.594622015953064]
[15, 0.6000292897224426, 0.5945925712585449]
[16, 0.5982200503349304, 0.5937870144844055]
[17, 0.5971659421920776, 0.5932559967041016]
[18, 0.595620334148407, 0.5927140712738037]
[19, 0.5950800776481628, 0.5921613574028015]
[20, 0.5952121019363403, 0.5916821956634521]
[21, 0.5940638780593872, 0.591428279876709]
[22, 0.5933693051338196, 0.5914124250411987]
[23, 0.5914682745933533, 0.5904486775398254]
[24, 0.5899165272712708, 0.5902676582336426]
[25, 0.5919620990753174, 0.5899350643157959]
[26, 0.5904762148857117, 0.5899397730827332]
[27, 0.5930683016777039, 0.5891422629356384]
[28, 0.5916507244110107, 0.5888524055480957]
[29, 0.5915970802307129, 0.5885218381881714]
[30, 0.5902253985404968, 0.5883978009223938]
[31, 0.5892674922943115, 0.5890158414840698]
[32, 0.5912054777145386, 0.5881541967391968]
[33, 0.5894608497619629, 0.5874882936477661]
[34, 0.589703381061554, 0.5872893333435059]
[35, 0.5900402665138245, 0.5871638059616089]
[36, 0.5874521136283875, 0.5870004296302795]
[37, 0.587733805179596, 0.5868348479270935]
[38, 0.5909063220024109, 0.587634265422821]
[39, 0.5870607495307922, 0.5867821574211121]
[40, 0.5868673920631409, 0.58625328540802]
[41, 0.5890332460403442, 0.5865920186042786]
[42, 0.5875376462936401, 0.5862001180648804]
[43, 0.5851085782051086, 0.5861337184906006]
[44, 0.5854617357254028, 0.5864436030387878]
[45, 0.5864689350128174, 0.586085855960846]
[46, 0.5882446765899658, 0.5859566330909729]
[47, 0.5871022939682007, 0.585811197757721]
[48, 0.5870553851127625, 0.5857449769973755]
[49, 0.5831758379936218, 0.5862016677856445]
[50, 0.5869120955467224, 0.5854523777961731]
[51, 0.5856174230575562, 0.585414469242096]
[52, 0.5859373211860657, 0.585447371006012]
[53, 0.584094762802124, 0.5855156183242798]
[54, 0.5836915969848633, 0.5855312943458557]
[55, 0.5859383344650269, 0.585415244102478]
[56, 0.5851614475250244, 0.5854215621948242]
[57, 0.5851640701293945, 0.5857317447662354]
[58, 0.5836213231086731, 0.5848971605300903]
[59, 0.5857141017913818, 0.5847781300544739]
[60, 0.5836737751960754, 0.5852007865905762]
[61, 0.5826103091239929, 0.5849804282188416]
[62, 0.5842009782791138, 0.5859543681144714]
[63, 0.5838891863822937, 0.5852630138397217]
[64, 0.583450973033905, 0.5852588415145874]
[65, 0.5802015662193298, 0.5855752825737]
[66, 0.5839656591415405, 0.5866362452507019]
[67, 0.5819582343101501, 0.5852413773536682]
[68, 0.5808252096176147, 0.584732174873352]
[69, 0.5798009634017944, 0.5846676826477051]
[70, 0.5836703181266785, 0.5848420262336731]
[71, 0.5793281197547913, 0.5874688625335693]
[72, 0.5825887322425842, 0.5854650735855103]
[73, 0.5842884182929993, 0.584153950214386]
[74, 0.5843273997306824, 0.584650456905365]
[75, 0.5835946798324585, 0.5839486718177795]
[76, 0.583054780960083, 0.5842287540435791]
[77, 0.5838890671730042, 0.584879457950592]
[78, 0.5818957090377808, 0.5841127038002014]
[79, 0.5837692022323608, 0.5845142006874084]
[80, 0.5799844861030579, 0.5838395357131958]
[81, 0.5813542604446411, 0.5850970149040222]
[82, 0.5841972231864929, 0.5844441652297974]
[83, 0.5822796821594238, 0.5848103165626526]
[84, 0.5846067070960999, 0.5850687623023987]
[85, 0.58052659034729, 0.5846173167228699]
[86, 0.582162618637085, 0.5836309194564819]
[87, 0.5829041004180908, 0.5836830139160156]
[88, 0.5823405385017395, 0.5852414965629578]
[89, 0.5826641321182251, 0.5836232304573059]
[90, 0.5817161202430725, 0.5853895545005798]
[91, 0.5802029967308044, 0.5844619870185852]
[92, 0.5809820890426636, 0.5837594866752625]
[93, 0.5814834237098694, 0.5703412890434265]
[94, 0.5719732046127319, 0.5388662815093994]
[95, 0.5380797386169434, 0.4928031265735626]
[96, 0.49182868003845215, 0.4680643081665039]
[97, 0.47775110602378845, 0.46540144085884094]
[98, 0.46960800886154175, 0.4631859064102173]
[99, 0.46394968032836914, 0.4680130183696747]
[100, 0.4654863178730011, 0.46396780014038086]
[101, 0.4680204391479492, 0.46110668778419495]
[102, 0.46626389026641846, 0.4581303596496582]
[103, 0.4578116536140442, 0.46035829186439514]
[104, 0.46668559312820435, 0.4571668803691864]
[105, 0.46541982889175415, 0.4577091932296753]
[106, 0.4656834304332733, 0.4592853784561157]
[107, 0.45990699529647827, 0.46221408247947693]
[108, 0.46797412633895874, 0.4569379389286041]
[109, 0.46078723669052124, 0.4600479006767273]
[110, 0.45674800872802734, 0.4550861716270447]
[111, 0.46313613653182983, 0.45390647649765015]
[112, 0.4556734263896942, 0.45510029792785645]
[113, 0.45392048358917236, 0.4543401002883911]
[114, 0.4545917809009552, 0.45601361989974976]
[115, 0.4575560390949249, 0.4529803991317749]
[116, 0.4603519141674042, 0.45724308490753174]
[117, 0.4561529755592346, 0.45446786284446716]
[118, 0.4541161060333252, 0.45381540060043335]
[119, 0.4537435472011566, 0.4533099830150604]
[120, 0.45592615008354187, 0.4555470943450928]
[121, 0.46028828620910645, 0.45666638016700745]
[122, 0.4540882408618927, 0.4620535671710968]
[123, 0.4515840709209442, 0.4561839699745178]
[124, 0.4514583647251129, 0.45321890711784363]
[125, 0.4481225311756134, 0.4540245234966278]
[126, 0.4526256024837494, 0.4595832824707031]
[127, 0.45902353525161743, 0.4528198540210724]
[128, 0.4513549506664276, 0.45203933119773865]
[129, 0.44922327995300293, 0.45189258456230164]
[130, 0.4508708715438843, 0.4515087306499481]
[131, 0.4532560110092163, 0.45220062136650085]
[132, 0.45346999168395996, 0.45151880383491516]
[133, 0.45486944913864136, 0.4515332579612732]
[134, 0.4489288926124573, 0.4505995213985443]
[135, 0.4536125063896179, 0.4528205096721649]
[136, 0.44794049859046936, 0.4513333737850189]
[137, 0.45456576347351074, 0.4606834352016449]
[138, 0.46147629618644714, 0.4517481029033661]
[139, 0.4457383155822754, 0.45140740275382996]
[140, 0.4536709487438202, 0.4554651081562042]
[141, 0.4533534049987793, 0.45329636335372925]
[142, 0.4457358717918396, 0.45098739862442017]
[143, 0.44348791241645813, 0.45443984866142273]
[144, 0.45576247572898865, 0.45066824555397034]
[145, 0.4493319094181061, 0.45377039909362793]
[146, 0.4564327895641327, 0.4500838816165924]
[147, 0.44930940866470337, 0.45043742656707764]
[148, 0.4507094919681549, 0.44985613226890564]
[149, 0.45145976543426514, 0.4506525695323944]
[150, 0.44565489888191223, 0.4498195946216583]
[151, 0.44864508509635925, 0.4520323872566223]
[152, 0.4564897119998932, 0.45584723353385925]
[153, 0.4523327648639679, 0.4498562514781952]
[154, 0.4512535631656647, 0.45081090927124023]
[155, 0.4486936628818512, 0.4495019316673279]
[156, 0.4489741623401642, 0.45024433732032776]
[157, 0.45494797825813293, 0.4531401991844177]
[158, 0.4435567259788513, 0.4502696990966797]
[159, 0.44706735014915466, 0.45358628034591675]
[160, 0.4451709985733032, 0.4491749107837677]
[161, 0.4460630714893341, 0.45515739917755127]
[162, 0.45067712664604187, 0.44984757900238037]
[163, 0.4439697563648224, 0.45005303621292114]
[164, 0.4481663703918457, 0.4493252635002136]
[165, 0.4479542374610901, 0.44989076256752014]
[166, 0.4432559609413147, 0.4482220411300659]
[167, 0.4479847252368927, 0.44879311323165894]
[168, 0.44470950961112976, 0.4487680494785309]
[169, 0.4434260129928589, 0.4485279321670532]
[170, 0.44418179988861084, 0.4478982090950012]
[171, 0.44366756081581116, 0.44847726821899414]
[172, 0.44513368606567383, 0.44795629382133484]
[173, 0.4448883831501007, 0.44752272963523865]
[174, 0.44921550154685974, 0.4490059018135071]
[175, 0.44381657242774963, 0.4464912414550781]
[176, 0.4459199607372284, 0.4471591114997864]
[177, 0.4532474875450134, 0.4470446705818176]
[178, 0.45426857471466064, 0.44959142804145813]
[179, 0.4465419054031372, 0.44648319482803345]
[180, 0.4374684691429138, 0.4489128589630127]
[181, 0.4406222999095917, 0.4488433003425598]
[182, 0.44757527112960815, 0.44671040773391724]
[183, 0.44347313046455383, 0.44514763355255127]
[184, 0.44285956025123596, 0.4490518867969513]
[185, 0.44220802187919617, 0.4450305700302124]
[186, 0.44049856066703796, 0.44653940200805664]
[187, 0.45022323727607727, 0.4475706219673157]
[188, 0.43801605701446533, 0.44451114535331726]
[189, 0.4434301555156708, 0.44880059361457825]
[190, 0.44404488801956177, 0.4436552822589874]
[191, 0.4421774446964264, 0.44556307792663574]
[192, 0.43970155715942383, 0.4444512128829956]
[193, 0.4444696605205536, 0.45081186294555664]
[194, 0.44445744156837463, 0.44276922941207886]
[195, 0.4448077380657196, 0.4473060667514801]
[196, 0.44136467576026917, 0.44757747650146484]
[197, 0.4393043518066406, 0.4466710388660431]
[198, 0.4396990239620209, 0.4469793140888214]
[199, 0.4411959648132324, 0.44421330094337463]
[200, 0.43878698348999023, 0.44355979561805725]
